Spare Puzzles

500070001000405000300000006090020050700916003060040020100000004000103000600090008
005800400408560209060000030000000028050030070130000000080000090204075103006009700
000805000009007300120030065910070003003000600700090024840010032007500400000602000
004600000080300000600070009528001630003000002001000008009413265005080407006050803
051628790040000030000000800000003000008146200000700000004000000030000070097531420
000805000020000340010307000804000706000060000703000905000504030037000090000901000
000060000040108050009000700000806000500793012180050970012037600000980000000040000
000000000670402081002030400090308060005000800010205090004080700830906054000000000
070200090004060103900000700000073000530000018000850000003000005708040900060005020
000000000000000000000000000000000000000000000000000000000000000000000000000000000
850002400720000009004000000000107002305000900040000000000080070017000000000036040
005300000800000020070010500400005300010070006003200080060500009004000030000009700
801500009064100307030000008005700000090060010000002700100000070608003590900001206
163000000700009000000150040021000005840070092600000410080024000000300007000000264
004200050001070020700006040026080000000501000000060890010700009090010600070003400
080037090097600800230500000700000089000409000340000006000002018004006720010750060
005000030140000500380040900000054370000108000021970000004090063008000045070000200
100007090030020008009600500005300900010080002600004000300000010040000007007000300
703900000000000000150300048000010080046000230010090000370002065000000000000001402
004007000002005040105000807040090001000602000600040080801000502030200400000300600
800000000003600000070090200050007000000045700000100030001000068008500010090000400
400103062000090300000006140600000500050000020001000007012800000006020000830401009
000080040000097002020430500360500809000060000908004016009043020400820000070050000

800000000003600000070090200050007000000045700000100030001000068008500010090000400 (World's Hardest)